-1.851175351529033,-1.4233990122319629,-2.317436412354912,-0.7894777847008427,-1.6184339629643052,-1.3084014433050406,-1.3278728148706787,-1.781018800353662,-1.6285984760168404
6.072984620754562,2.4855770710374703,5.129329438755104,3.6001942284614508,0.8976337253864042,2.0613036597207923,1.1392528281094716,2.613714436769232,2.4946725564206407
1.8532776534840423,0.06213109861255006,0.58917007046424,-2.614317035294622,-0.08514261902177189,0.6876989279357204,-0.5047329327243943,-0.30759790478942506,0.15386985648553342
3.51799605062717,1.5714388999930051,-3.9636524850812815,-1.548885800727362,-1.3290656515610788,-1.8343620650489,-2.10937830597997,-1.5210599014694903,-3.759841355700777
0.4245539722130154,-0.9831108367054586,2.0475354678054725,4.829977809922381,1.541786429498604,1.4462439483490908,2.10937830597997,0.9959621698433452,2.677747012833276
-2.5566780972006597,-2.2795678730371804,-2.0005319416756873,-1.6592595093419593,-1.2831655956953014,-0.8712688433590188,-0.570886422032002,-0.8709230788412015,-1.8510332423439024
-4.975042224461479,0.3783106655703694,1.677578950483749,-0.580834159574728,-0.08613264959724809,0.3915078031968555,1.3270336920896408,0.09367682183869519,1.0708763754112116
0.8905790742320896,1.623006912004099,1.3312108451515758,2.3981964686485835,1.7933870912470784,1.046503795008391,2.1118797308989468,2.0084098535960493,1.5851147737618643
1.1628037995119023,0.7095510256649007,-1.0543301883382927,0.2209248176461731,0.211371881698863,-0.5069341406231942,0.3680985751426835,-0.03059507443170517,1.4084739881738972
0.9279947814052836,-0.7095510256649007,1.3730192811902242,0.06303183316158645,-0.5504989553378081,0.0896459047036835,0.24464844006701902,-0.9840177801511363,-1.1313375521355695
-5.194495980474834,-1.8435141678355027,-1.280895829258144,-1.36401797599488,2.5158559636154987,-0.35906681307285027,0.33541729876307436,0.2160828128936032,0.3683245416296277
4.303786807256937,1.3780362133372304,1.7796499803620414,2.7718309972402544,-0.7898606851333145,1.9591009477169852,2.8213155795578704,0.890259141531935,1.3994752287111112
0.3906618306745102,-2.0742415570695005,-0.09049774373290909,-0.4358661944037667,0.08343763521194703,-0.6783686241517373,-0.32607113520723985,-0.1223241742744019,-0.6668712195038395
0.9976066478444068,-2.1181793214874123,0.22609098484647205,0.9316837580230608,-1.5973437567803561,-0.3854711963538371,0.3556613114847007,-2.1652562585993795,-1.0087201533401036
1.731250529274897,-0.5203263771898836,0.5405418566908349,1.4119326026100776,-0.8083430528745161,0.621947806702039,0.4428051515732445,-2.213179172869806,0.09212345193212457
0.8276405645696094,-1.4119426814827918,-0.7213737323692015,0.42579139755059003,-0.6428134412300945,-0.8003599860521682,-0.2654477299716351,-0.834675792871753,-0.3074087880422294
6.804874798762217,3.285382487107835,-0.18115946983505715,4.306530343083637,0.6855211079052737,0.20811662038244805,2.9965878493693587,0.45030632541549487,1.9512814223582087
-4.449741598533663,0.22374949401915423,-0.9565092283757348,-2.6511125548331904,1.7354932941079593,1.2396852976828576,-1.037174379678163,-0.5470649202890865,2.5046031926087675
2.9657346002699647,2.7088270441634865,0.3198540538215777,3.3463644863213737,0.9605419435882112,1.5138571497441244,3.276179630990761,-0.6799443388923798,0.5872007477222496
-3.6682313424622137,-2.9005816570906617,-4.3829859111663705,-2.4844182968036144,-1.6342287020640445,-1.5138571497441244,-2.1244248893068196,-1.275152148203107,-2.850549299792604
-4.912508101623514,-0.5453100922668153,-1.82785271726158,-4.664685748441677,-0.21146127566762374,-1.2099896775685792,-2.580975511356698,-0.3626178359454002,-1.8237587549781331
1.9795367794399166,1.7219813246895033,0.773698250215249,0.9566497892557813,1.9703005857563571,-0.029695620114278398,0.2933413661120987,0.8877257048356402,1.0375436376832248
2.56217545283306,2.8364064473334505,-0.24113828901950463,0.7648805838671002,-0.5411043379531133,0.8870548999509342,0.5841138103034993,1.1067821312885862,0.9367042352369293
-6.826027997498363,-0.21535156761371965,-3.788891087380053,-7.038714647209421,-0.7540881984613002,-2.4736770174075495,-4.4663570885101755,-1.5003543021610444,-1.698554636574423
0.6230549750636083,-1.1149078013332314,1.2459667791053786,0.03269576618958325,-0.12623607819852722,0.030170463345458032,1.270818918055383,-0.3951272839167963,-2.6974197826478363
0.4694403513526346,-1.4113453648556096,-0.7956282647019197,1.137668698210792,0.21030501967786996,-0.8178146443892587,-0.06015037775339849,-1.0947198395260038,-0.6305191128314735
6.121951238513379,1.970353031731742,1.4866477962528268,3.6806184991050372,1.6253743944506738,1.5391883767584158,1.7002646732547255,0.8635058636880633,2.2515022367634696
-0.10578280253001893,0.6790149545630175,-1.7365854419847615,-0.9075324374917759,0.7003118219760296,-1.4783796184237197,-1.61005266894092,0.5605950377940871,0.0309166797948901
1.973690825198826,0.4603353226504847,-4.504343816782308,-3.291557735031958,-1.4888612493750397,-4.698328691746356,-3.8920187230659042,-1.4574620360701562,-2.2824189165583597
-5.950107474694333,2.419960801635934,-0.5249355886144169,-2.4002467429516283,1.8167303955448855,-0.15941339259875065,-0.9419221916491693,3.282211265653956,2.0658011620422023
5.863594795191718,1.5715668149346662,4.2756963365264244,2.3677528352733734,1.017716905369337,2.8932835769187815,1.0044026685333662,3.271690881461531,2.5991372910056487
0.12109680573351156,0.23508679648505115,-0.3536250211982672,1.3236674295680206,0.20230636072540165,0.5872370453036346,0.12484396128384923,-0.564087989008577,0.3615550790058819
0.5345301114163981,-0.5887564843194859,-0.2533571155093117,-1.3561718992187277,0.40338901009357997,-1.302747952903216,-2.6229975886419954,-0.8204526931967493,-1.9435777300635504
-1.1588817753849234,1.3781188639649056,5.526813410825193,2.9470422308781608,1.399183329924103,3.255815831245412,4.078356919027293,2.3486283858733525,2.811976659383486
1.2791877106653082,-0.08739985989709709,-0.4330052471499535,-0.34782643763247023,0.19829473084933547,-2.602320429509364,-1.8303597698393403,0.6478504843203226,-0.9285674028559843
-2.9988300165081583,1.4180529910070128,2.570346167206239,1.9448542740816421,1.6503321514478309,2.9040708093455603,1.6765372506610365,1.3742772404029768,0.8689193247379379
-4.618294644825172,-1.301536811207038,-0.8968669982760247,-1.3763119972015847,-0.46875085830970775,0.3008425855050678,-0.8968669982760247,-0.7611545349093696,-0.17915800552041894
-3.9702757028607483,-1.851088553470337,2.851326605573057,-1.8436631559455297,0.15649455463031536,3.454217951284999,1.6636243202372558,1.2754500263870927,2.041189045812075
-1.0079558103324615,-0.5054269715964121,-0.46189458562944097,-0.1926782869699828,-0.3916965446733922,-0.232423114508018,-1.044235532985116,-0.7572351797451304,0.20476824472486221
4.047126089884268,1.3029500290334006,1.8349138668196652,1.6892831989907542,-0.3932368417721044,1.6443468725115817,2.890814413941012,0.9079965530917278,1.1621281284015517
-1.4320953249860047,0.6743904756022712,1.354422510775688,1.0688564506355025,-0.43435408861389746,2.59828228643717,2.692868738558607,0.21068480328985117,1.5477523068913257
2.4187923368664155,0.9597281749631481,2.261235783022375,2.379225467545254,0.1186474333371823,2.0966285246532212,0.9010379227620824,-0.3916257452976968,0.9341893841428917
1.3250101838076844,3.0218947076007474,-0.21944270381664133,-0.21396920894587446,0.9441454870918964,-0.5474965770250861,-0.8134850206276134,2.179516039318452,-1.0195500380669298
2.6519097116405987,0.4483055981240103,0.0,2.1493183963761098,1.631104123149596,1.7145609836741293,-0.08755290213446898,-0.6815850952810898,0.9913691163642824
0.762617866479598,-0.5325871033237561,-0.5728149612684419,-0.3299838002555511,-1.90556028445239,-1.2489980449893245,-0.9681753784531733,-1.6791998758476812,-1.0483167261037707
1.4906019085627165,0.9232126000302543,2.0123163720958015,1.2541221405308445,0.3136027658348084,1.9749052519172139,1.6954513113611736,-1.7694177312692183,1.946190322631347
-0.6110887632799766,0.36136245021456403,2.354056917149361,0.38501454343009556,1.3219477113732836,2.06794219592763,2.575249610241448,2.221975450413982,0.5571045049455492
0.7676241461437527,0.44296860915884473,0.5063301956546695,3.628318471136538,-0.6199167469793654,-0.42072110441297994,0.19754486458016807,-0.6038665693167022,0.08329863038918361
5.379277496397261,1.426244692056411,-1.8692133012152556,-1.0315277711832938,-0.7803395040260064,-0.8467899236292986,-1.5627537814129067,0.6339643874520906,-1.5664655974471309
-0.7438665592421678,0.13607295608908387,0.29972191137961346,2.362426645710025,2.09309966920177,1.5557334206780737,1.1106478968893718,0.03008876207446498,2.0648054992019382
1.2203317668808111,0.4612679457913327,0.7241778187298209,-0.5076153031860375,-0.038365624871117276,0.5999757139526274,-0.3120127336243783,0.5101286381417491,1.0712916629770586
-4.047375160706412,-1.0066742609804002,-2.2318522955695475,-2.5194576268639857,0.038365624871117276,-0.5738148243331853,-0.5412347637477222,0.08975318478356975,-0.19143996001291796
0.06824774194269523,0.4093333590999837,0.9503311262827996,0.9235274874598076,0.19160764628201044,0.33947023069162974,0.0,0.14940985896125802,0.5732238979788473
-4.732441305056945,-1.675173046292322,1.0265274059594987,-1.7094433359300165,0.07654037878452868,-0.28716897426925847,-0.14291841792393178,0.5954170612348264,-0.682782933862347
-0.862074304390692,-0.6668543745175448,2.188639550172411,2.9087723889098527,1.405531210485833,2.606262857577013,1.7579131450354168,1.7361036311117406,1.3879662195868114
2.035421099177359,0.5005572186767004,-2.70058606079151,1.521156091778053,0.37650646886637773,0.8875422785510345,0.11235956238264677,1.131266596735303,-0.10816658707408777
0.4760654323123781,0.5532517569725837,-0.12839719290163032,0.8629141923496508,-0.4519781705619508,-1.9888467890249562,-1.1577144694554065,-1.2772307154838014,-0.3795070968551695
3.0830290779578995,2.3177588312705666,1.698554636574423,1.5128881596300214,1.16345842328327,2.240990139958443,2.7452704408689854,1.450141421388862,1.5362113184090642
-0.4101868680677967,2.502126806380023,-0.8881428648519929,-0.08193363834028133,-1.0502722199149161,-0.6315544548690877,-0.9439270530021915,-0.5485794037450198,-0.5901304679861497
-0.6701631749026937,0.5243850506011061,1.5177357105334632,2.987707086294522,1.459879942115272,1.1088823301348416,2.2342675365929487,0.5485794037450198,1.5748356968138921
1.114456455306545,1.1182017436004887,0.33416906619030406,1.8132148323415365,-0.33500868852822663,-0.12539186595939,-0.16380020042383592,-0.9838042311807627,-1.225701462753026
-4.534342558131588,-1.6163021311510928,-5.7501896264386065,-5.21160011390136,-3.5291084090085967,-5.3342543162860245,-4.928208842301807,-3.3410350679393463,-4.946063016839952
2.380015380735223,0.3934431304834618,1.577596259416758,2.3319928778398946,1.266568457210715,1.262510193874311,1.7357100993834251,1.1063051987396655,1.0368595062820951
-1.7752465506430504,0.5221943981151611,-0.21762794225956839,-0.5644417619676823,-1.11218787849805,-2.487558803296386,-0.5657723719858954,-1.2868649829735013,-2.3981964686484947
6.571268523449714,3.7064945642542924,2.6656780441485672,2.9741969198737284,3.2628084005944302,3.5276097801042017,3.1003740051000594,2.145493500125939,3.3139791974019506
0.09958507047072018,-0.3771217543079075,-1.0663355465748037,-0.4457854504432035,-0.5239532944663949,-1.6430151840016727,-2.252911306002847,-0.7991754832965992,-1.5871139213980978
2.4093601749791915,2.4876904755404716,2.2892055187478277,1.0717655852938712,1.637550548515021,2.133275487348829,0.7845375067612625,2.8418493657326405,0.3641970687568552
2.0834086902842053,0.04912797937177693,0.12565446679482228,1.0861239431604996,0.0,0.1286173810743918,0.6398686458308767,2.3127369129317454,-0.16792615197198657
0.07927071362390237,2.065938102227882,1.4131573490716143,0.5130847582343279,1.8651116626100972,1.7077004772932725,2.085695802976062,2.0394616646595143,3.90052191324064
1.619150361360333,0.5756792103927655,1.556132957453027,0.6630985786331145,-0.36297680505787966,-0.35443075077972175,2.2026138912246918,0.1933969383010048,0.48374187317699047
0.8075832057095944,0.6674637414005424,1.6122880486563407,0.15240033429750888,-0.36429912785012064,0.1773724017540168,0.8992390666961114,1.2889250153539145,1.1197131115487036
0.8624726187243859,0.2610038259486913,0.7171345474990876,1.0352320708337803,-0.732604009207316,-0.507615303186082,0.5513995853284825,-1.2337373759840897,0.07950179297768756
3.9391743552877223,1.4818570585313218,0.47524841925139505,1.1736930838135873,1.7854363880918989,1.063032030175659,0.15698590351203023,0.9335597730431466,0.18525875352781718
-0.1918395039758991,-4.1230670125090185,-0.47524841925139505,0.09925559127514916,-0.6885332510344622,-0.12596046507331593,0.6514681021193791,0.08195602152492043,-0.6100005654225082
1.7860231741499533,1.2332401492660683,1.809648125225971,2.8122650495176593,1.444068415479416,1.6500374359038172,2.005724219252647,0.4087756066815995,1.137427948419667
-1.4615869656636526,-5.762503950858466,-1.215939672378541,-2.6140489291185176,-1.5896288487494914,-2.282230716070277,-1.6168708452834135,-2.5338728267551236,-2.1266085846178395
4.406760521525843,2.9103910666005373,1.7214822618048409,1.7178336535084604,0.10919018373294342,1.0347095468978829,1.9726526691143054,0.6117927869818462,0.6160458749123521
-1.7480726516875933,-4.3721429562713965,-0.9744766257648863,-0.51225871256384,-1.6135296884663752,-1.1108420210738323,-0.6872879287762146,-3.09709438401633,-2.4872869156037147
-1.0955854143457344,2.2225975584862834,0.2738120232124164,-0.9583560264057489,0.0,-0.15243905390964763,-0.28136608919200334,0.967565886501065,-0.9627360840042343
3.62951672728542,0.7049374610229364,2.1256839025415086,2.6798193154724537,1.2856008101533867,2.1132861927472657,1.9280150745499824,0.9302392662313697,1.372516742111518
3.3132455325937116,2.2082524902222733,1.8939960100921471,3.0771658666753243,1.0889399799268062,-0.2991774856822449,2.285245995187557,0.7825640831390146,0.0
0.06759040473616196,-0.12277472383219745,0.5612736904957671,-0.23337233462199514,-1.0889399799268062,-1.4841172919898948,0.4410690806488482,-1.9396251080852966,-3.4108394410127474
-7.723134793599051,-8.055471423840599,-4.424825546434175,-9.502984526994673,-3.566499841053883,-6.328909081649092,-4.475187428133287,-4.79673407037513,-6.106548061650363
-3.536247231535583,1.0596125631495479,-1.1374902015277133,-1.2930099977393805,0.7911135628367649,-1.825415077908099,0.10222336693890277,0.2973537724731301,-3.944862518022596
2.391028431211062,2.7548519676925842,-0.4348692364180007,0.6744513244683059,1.6744577273801742,-0.027498968961925385,-1.5963263798745686,0.6510825012278509,3.944862518022596
-0.32539593864502336,-0.9788846840375065,-1.6377438152936907,-4.711111953861202,-1.6744577273801742,-2.252911306002847,-1.3850998911680623,-0.5027365312845866,3.390155167568132
2.5595547188963508,2.5052434955635583,3.6770301716077647,6.5554265257406374,1.7482312460341376,4.132819549284594,3.1090587070031095,2.4887831181585884,0.11587486812181247
0.8340571790496298,-2.5829335163040312,1.0810916104215362,-0.6365393867076019,-0.8145176464401604,0.48465361425296116,0.559655492815736,-0.5218915875791819,-2.3137655399993573
0.6138929979736751,1.0565747047779794,-1.1199190230623213,-1.3630145436443808,-0.5591813265777734,-3.6377592390392177,-1.817533713501751,-0.08724735176102172,-2.2169871453437295
3.1383915022948017,1.7533164174579952,0.46493690881925787,2.253039490670794,2.3278346518287307,2.666091675181992,2.121485315291416,1.2145898302108105,2.896157037868452
4.319159858277466,1.5496436069968311,3.232835247050714,5.107808135747005,1.0174506376309456,0.6218757367336458,2.719389225716462,1.8793263814286032,1.808156581989273
-1.1960275462971737,-1.2980711472721396,0.9312788483193835,1.2906488909290026,1.1502643000723012,-0.7304239156415537,1.1014675060721846,-0.282486063555476,-0.8125407443917432
0.41358207174884143,2.726315075836405,1.5817876242385953,1.975140625642835,0.07145409378686018,3.521302727349207,1.2097897369509614,2.5140988958102017,4.473043053975445
2.7057074771591694,0.9490276849243084,1.1250345480862567,0.9270054796286509,0.8180732090194098,-0.8687694500154386,-0.6272638178428824,0.0,-0.9799882433010776
-3.655483863046527,-3.8262102774328177,-2.04163124949428,-3.8326073093979396,-1.7870382637711124,-4.987483470792453,-3.49703203556202,-2.939329869663254,-8.63465343538432
3.3699918445841526,4.429858132429532,2.868230744887157,3.6710004405654306,2.175937463484745,1.5717957673400118,0.997514505681929,1.3544225107757324,3.318554898565429
-1.4398154490346649,0.9106221564820771,0.7488000756883384,-1.3023439886286514,-1.099886908583736,-2.3530497410193973,-0.1987084608131351,-0.7596041587996538,-5.6774476382134065
-1.8629946664523445,0.02385211698845424,-8.060532891104222,-2.8251137009277283,-0.5365779284373762,-5.144073264804616,-3.2856127026701376,-1.4220945006867325,-5.487016777783271
-2.433673233696254,-0.5980163737560051,1.3387080782459204,-3.329560927147135,2.4447630350358462,0.2944642881556714,-0.283031193698946,1.7885501609560261,1.22013055302288
1.8949513920752281,0.5741642567675509,-2.0730108946074743,-1.6313575491523569,-0.1050604193991056,-1.3617735601413106,-1.6628078623676323,-1.0181083417093006,-4.149139802478352
-0.7863381081621768,1.913820964314672,1.8447871363608481,5.249449573318454,2.251957281733308,3.2260862218221664,3.171594954674939,3.6012265511176977,5.742410378135165
3.622180141827247,3.3370948336037376,2.407941773314315,3.2363755226732405,0.9207226168460814,0.7189103572469158,2.258565264874912,0.764822083825667,0.6430890330290318
0.35379713246133093,-2.28947729053095,-0.5218051347765318,-2.4948340311487627,-1.504816357844252,-4.843206210651818,-2.1063968358167706,-2.8987536873252395,-6.112554854133112
3.6601196265730884,-0.41773093930990157,0.9669097272024807,0.3568458645739625,1.0966525258793602,-0.9367042352369293,0.22781936191935692,0.4750602758597733,-0.2046385434463449
1.3402843583824264,-0.18621979310644576,-0.5939141436960949,-0.3806809260620714,-1.0621994678297053,-0.3649639087549339,-0.5323881252750073,-1.2060165807310952,-1.2021439636304088
-3.636303586532552,-1.3369496664434433,-6.617798793299023,-2.828666776690625,-3.184871109407439,-6.22255369668161,-4.125633726587941,-1.8511136573029496,-5.54119013430352
-2.4821653173813907,2.518202544866721,-3.4807236970804123,-1.9812436074055473,0.5320104763034905,-1.898584033491879,-3.5318403303275847,4.716001565673844,0.4373184812223041
-9.280010516587467,-8.152127354224836,-4.982034866354956,-6.804641749342721,-4.042412532555462,-2.475870862793794,-4.950392047941676,-5.0615245123657004,-7.550755250814545
-0.2906978791308745,-4.731735470688081,-1.131923273993829,2.8765672523265007,-1.671348097374059,4.439284720274284,3.178474149431354,-4.96702744564419,6.380295655861712
3.784814469454112,5.25497074938821,3.4849730150132263,6.25203569813344,2.843093470097857,6.309954074111301,5.56830864768032,2.6029891464498967,8.799200957618236
-2.124725821987461,-3.1299879661837338,-5.877643647186881,-2.6998543889872995,-2.4692612590371255,-4.035308510622748,-4.540093391945099,-2.239902514583436,-9.020195522698504
4.205244693824284,2.156075910657762,1.8658915386877695,1.0489606671019391,2.031464135117922,2.069039325744626,1.6452249349173886,0.6622540760493401,-1.0750798634662218
2.7751357881960814,-1.0849103511649805,-1.0174827881726412,2.6236640386865684,0.9099243855114292,-0.03103180785184456,1.0281475850587807,0.11994004436344241,1.369630886441886
1.5237128182127968,-4.700332924232908,-1.5233269480079858,-1.0950346675252298,-1.717564605226407,-2.8330506626225826,-2.4524389863084473,-1.7228777373184734,-5.168036619420224
-3.057443945696381,0.23901219717199496,-0.5886365196610566,-3.181973645814651,-0.22140230446305864,-3.774032798284699,-1.7812884010997454,-3.2850800291834847,-6.0237550009782925
1.4936696994255705,0.5291017634415862,-0.4551669214718945,3.157502827143688,-0.40718175821035096,-0.3986716243821409,1.1447842458123692,-3.3966738599207513,-1.4496008651673442
-5.335512902424355,-1.0610179112015672,2.6115847130559366,-6.2354580376769775,2.4185861937039643,3.9489549286476855,1.6793237042913134,2.0326558839258713,9.352605801082348
3.5295338989780767,0.34606716289808936,-0.40080213975386414,4.830629019054955,1.0086540846173886,-2.3309569435624233,0.5716634596383052,-0.41606717086835054,-6.5552205968417265
5.193908065474595,4.189503009181639,3.765768950136472,6.090198395828095,1.2112723797721436,4.858737661989254,4.173363097070704,1.9689426156500378,6.441173825309088
0.18059860429806562,0.12733988732058776,-2.965764683428862,-1.767038555910716,-1.6063168870628974,-3.848463467155039,-5.265076996605567,-0.8526816229161405,-4.711792297706996
7.448534280520658,3.0578823644230813,5.301823344724221,5.300326487973672,0.6098673611197203,3.91084650099347,5.030488071090211,0.31665637605877706,5.394130047428991
-0.7083287914466219,-0.4205324688533185,0.7528266420791851,-0.9285538350980449,-0.10735374085242277,0.9002078485227383,0.13039511562014106,0.5674668443495179,1.8713120912628778
-1.8605753474047582,1.6716220118168756,3.2386515699153406,-3.190284429112511,0.6424004961355312,2.532553354159228,1.3718346365539258,0.7516477605626459,2.5623656647196125
3.793579096937094,-2.443057963975237,-1.1359148507077865,2.3907370514927972,-1.1089364221849252,-3.0282173181520378,-1.685069035185549,-1.8262472290363707,-6.417718418693719
4.754010065884184,2.1256361372068433,3.448617607116944,5.097214190618127,2.4517127813225237,3.7786335666138093,2.657192321372026,0.728196980691953,1.1875259262752458
-2.672307014075326,0.04889975647563993,-3.5710915967065215,-4.54826496214098,-1.4495569352206417,-5.343610733326587,-3.7348739302587752,-1.1102413804305211,-6.489400447168547
-0.5803846819800285,1.2147865616168652,3.1761463755977104,1.2918026664250348,1.4495569352206417,1.8750549345376122,2.788454281278474,2.3953241022492744,0.6076583413431091
0.1163467263297413,-2.0986616996053975,-2.200528881061281,-0.2254284092612302,-2.020987061564483,-3.2727905235280463,-4.628751583269386,-2.55494105553149,-5.777629926562922
0.6952519314881833,1.9536640908278446,-0.8531435049468516,0.6299233427986994,0.7137789048292209,1.4608071773316578,-0.2695419421672618,-1.4157250611092742,-0.08561644358602294
-0.9863729522339604,-1.5353049227432969,-3.5718082602079537,-3.05123852614968,-3.9533706654107714,-5.975803650203071,-3.097410830809677,-2.8596854174097075,-6.182984459372598
1.6538860764197416,-2.184793952586972,-2.613127911025126,-3.3622539377400784,-1.7164600516634376,-4.378264243880947,-5.965070869597611,0.863219171593288,-6.347606372564485
-2.6972107036067783,1.3463180168293842,-2.6386755173194665,-6.011662078950808,0.7872580491304682,-2.2631800460197304,-1.2788278369357808,0.8886021939405797,-3.0559302575127845
-3.3308458351720027,0.24734120945186788,-0.8053734807096813,0.8093114482165209,0.9292020025329695,-4.386668210558176,-0.7812539736793411,1.2373977487443177,-6.407149641013143
-6.740161523288535,-4.367726917985415,1.0723963362975208,-0.30272475187254066,-0.7426695850823783,6.824520790072075,3.4102637540022407,2.556049697953533,9.802309688340083
-3.6092546980198925,-2.959493192647189,-0.6241660923475667,-1.066812251210969,1.0381999073041381,-0.8764297993588244,0.4944026356879849,0.8794026522573439,0.6269613013595521
0.6464668978810373,-1.8782414238232459,-0.9436151795754188,0.5094254521742947,0.8813865357416351,0.0,-0.6402815820539587,-0.9425140459583314,4.189833813151056
-4.531252907240368,1.0775966344491295,4.932748082305594,-1.9497795713267596,3.802466699810614,6.903981874171938,4.677214045128153,4.987183004017304,0.8264509849893464
-0.5493358416107874,-0.9422603030602605,1.8310070826885294,2.2288613203970797,1.9519615915162714,2.5629951178406163,-0.6990102556907019,0.9266244750616437,-2.3595820596682415
5.442398188768838,2.35242069349173,-1.70216875694309,0.5810298018388949,-1.145646968881442,-1.7122046455641193,-0.9868964915430212,-1.0167551706628863,-3.23529644517655
-0.3483857201848295,-0.3440522118201006,-2.1692824611259542,-0.2522069432710161,-1.9034765752744764,-0.522706188485822,-0.19855346191186563,-1.758686929426645,3.188469003440497
-8.513394583605471,-6.376116340788451,-5.777780066681171,-6.198286704632983,0.7798692485819103,-0.822237817753857,-4.233743334030349,-2.6031838717946787,1.8102142018429745
0.7426317348101286,3.03348708487583,1.0631022241109456,2.28429587090595,2.8886643970982284,2.9930666246188675,1.031392670279807,1.712104078011123,-2.7513976200776558
3.3103322251199607,-4.141610371671689,-4.225980928988227,0.5238356661589005,-5.10224996032087,-3.2576170434612806,-2.97552448713998,-2.658483381106125,5.6527797391492385
-5.110863923053088,-1.3519550087512489,-0.24009615375382154,-8.274576551677448,0.0,-3.1962350702958275,-4.7628048989254435,-2.2761040292093693,-4.524417978946493
-15.447077044025637,-7.234962232333997,-11.017980209377543,-15.467105734923159,-1.711310650762421,-11.970796406596795,-12.645211607460327,-3.935042325139415,-13.013104931419717
-29.01559683716135,-22.065598784240812,-15.845407538731093,-16.17982648969867,-14.307259465410382,-15.923745554893909,-16.70540846631665,-20.55919097743488,-21.809772995923815
5.687675615459309,6.208500907854164,3.9462580369359124,0.27221482879844494,2.9641076296467173,0.49583153194232565,0.08492569512554837,7.806509865926214,1.642073021232715
-5.113291497534123,0.21865897924877586,-9.373946722379767,-11.729771654955101,-6.412725236763661,-13.558900651920291,-6.442534135136002,-1.5444322427473622,-12.47289267074958
16.34348901755085,5.109305592107249,10.036799405470509,12.387796092387982,5.6280835898589565,16.832080955743088,13.092501118417532,3.4420223886479473,13.638708983488534
-3.0619676053272205,0.5175102113882168,-4.987183004017304,-4.135261366876053,0.5787531656919587,-8.44038135825489,-5.510473750555045,-0.641148717145601,-8.812421278550087
-4.262066900597672,-0.8987271000236774,-6.723575810657234,-9.04166639623627,-3.2679908556008552,-9.635238938276869,-6.188433224965673,-3.425387801180424,-11.068801180577958
-7.270800893558915,0.10411245084105403,-6.413347151345494,-12.252577878792037,-2.1089656184805516,-9.452842080685597,-8.425543782129585,-7.942295718480974,-27.389951128082934
12.391756525576536,4.377289128138218,9.341034628716827,14.127496546721297,4.590691301989036,16.059731360237215,11.545990324659128,5.484780049966886,26.838551542754452
-12.978798175320705,-5.633850164174659,-1.4531299288537358,-5.4139218102446485,-1.5491203653895003,2.8862032239874935,-1.9664168686429395,1.077639644526629,1.1778699192612763
8.91979942604908,1.4990693828440094,2.106727026832278,5.197705509795103,-2.391232637555518,-0.7137789048292209,-1.7360774330583695,-0.27827487645208926,-5.4544392952684095
-4.837599974023554,-1.1134422616664974,-0.5225354802664839,-1.3949659508711854,0.3881825016787577,1.3754070272773866,1.3824077452239347,3.7887757548638934,0.8210226743122107
-1.8429657207633898,-1.7649593344111203,-2.251750767944216,-2.7594096139953006,0.3866814699973631,-1.9501212528342027,-0.48834725242778987,-0.9241498194198616,-3.7488771475640448
10.48067751264834,5.642611031690592,6.859091529476391,6.168585506895674,3.7454409467675642,8.42457887422201,7.747187999405947,4.685405514256535,7.204423849258967
-3.0572276750032934,-2.1433036809197503,-2.7902888220619815,-0.9806090089629738,-5.127155502081759,-5.350324003835327,-4.420841940897935,-3.531546558607168,-9.089655347179892
-4.413407978376593,-0.620905754693224,-4.001845892057165,-3.487711824677975,-0.21762794225956839,-4.0880216988322005,-6.261756637739335,-0.34476188142327224,-17.74889619557456
1.1111225425070703,-0.45084175549297,-0.3352333008753927,-2.3794613073259807,-1.758287055786667,-4.617350327826042,-5.608065332176437,0.07671653617529195,-7.394905280495667
-0.2979359513941571,0.7272759329079559,-1.4203823509547853,-4.412138883254091,-1.789756945754295,-2.0534602441707683,-0.09699321807925543,0.5735056820330264,2.742903717006362
5.292240145434235,3.091803940331017,8.422593904055153,7.278434522321353,1.6566306780345208,4.314295046930061,2.5390585539724064,4.400411643591218,5.781957088882628
-5.1431612124893,-5.219172747508649,-3.6994014376133144,-4.792960740232699,-4.356405723069345,-5.8298714827505815,-3.8577589821677805,-2.8118759702841167,-10.094399752258099
-10.325826027457108,-7.804728474487188,-5.681447574541476,-5.278144435540888,-1.2132673325416565,-6.246939767233117,-8.835311877149277,-3.009177726814194,-17.35466101748373
-2.993877059782024,-3.4506234038695904,-2.9311240040277298,-5.572332275240255,-4.513488103305763,-1.7529428218720167,-8.515780834030684,-11.807310092310175,2.127739844728449
-5.857530079045725,-8.948889212558653,-3.3852710434127076,-5.137481280396461,-3.2446070517693215,-7.152234939718216,-9.82384395834135,-3.048612502283232,-20.68299758226857
6.753094578477681,1.8803972857610596,7.410797215372167,10.07302472736642,4.222131942233576,11.012854229585134,10.697211955216801,7.931773223916316,28.15956263953785
3.5506688456909963,7.068491926797593,2.286582473700305,3.8558993603682534,0.04862630779012278,1.7949897221631872,0.8083184888822981,-2.4330059174513696,-0.6123717850528898
3.3614688829042727,1.7595761890379702,5.056164381781425,7.949700506790736,4.932246685392894,8.025002601158615,10.317296081620775,2.9703083053477464,11.587020545160964
3.426128008461493,1.3474698583360034,5.473238026779459,3.896874993857713,0.9670809886130005,6.220370802928388,3.014276738132571,-1.4950444578439193,5.843404043661593
-0.9168368086879486,-0.30639625655215497,0.11961723914302169,0.12591816983777981,-0.6898164856656841,2.4019630513060886,3.02377436075818,0.9577420699475425,9.258576645118222
0.3939598004079947,-1.1186230434368838,1.3654115365024477,2.5265373723732054,1.9196201883758146,2.7460649664114545,3.029806168892213,2.4965487327401448,4.41654112976817
0.6314664423405336,-1.6425867942016392,0.822083314485722,2.6237630216857433,-2.707208229840896,1.1918039986103413,2.5720379712615316,-4.041787246989781,-1.5419806657703372
2.5502292810935856,4.510303858062326,2.1978906718775004,2.4789780155914265,2.707208229840896,1.6967994654012664,1.5575211785471499,1.5866721174941478,-2.686590483840101
9.249778028525757,2.6777352959604706,-2.2563873099890053,4.074426122315833,2.9879591826104335,3.434723893999747,6.638340919366215,5.833143450231182,20.092674462498916
-7.696104113612812,-4.926734222095508,-1.7114610718286016,-3.6865280409061896,-1.7283833756092104,-8.070292278864466,-7.551589275693482,-1.0212186158113479,-12.153430249945574
1.2628260149472936,-0.42495717805488553,0.8298802814695083,1.803233207596966,2.472532136777472,2.013040465855731,-0.5058644956260405,-0.15804033317103894,1.1211846641378642
6.124158841698213,3.5745250424512154,4.10580941553973,3.2544484254537487,0.8251946934363819,2.3633485082660943,3.6219441132441244,2.1127546425875554,4.772776877673479
0.8286009446777154,1.2989605539933446,3.834868344901299,1.3526069862252577,2.139576696503953,3.7772366428985293,5.36693044764478,-0.15497872144956126,0.7332008406292889
2.651168340208976,3.8341043398339547,0.21786500992222457,1.7279047608352194,-0.42426877387899964,-0.6266993563392109,-0.5917177028088361,-0.6223279517273639,1.3704366032112336
-8.377169744532642,-2.5518006363351997,-1.4246816312707633,-7.213331296345071,-2.7150989065950704,-3.1072940426422058,-6.073060454134982,1.7405196682472202,-3.6693884256811415
-2.7190140523368544,0.9780914779502936,0.22050725583140363,-0.9635842526913851,0.609757986811843,-0.7376904791982053,-1.041440248171499,1.105826330674331,-1.0016778243471247
-3.6793092154673968,-1.0873612029000945,-1.8338941298098543,-2.629148887274857,-0.609757986811843,-2.9615424053588413,-2.8157872304524822,-2.379237325545036,-3.848273049592432
-3.2811486835816694,-1.9503838118869687,-1.6968732941905706,-3.3970108217716177,0.0,-0.8560538874070378,-3.0420596700711844,-0.42809950572757494,-3.278982282299081
8.123020297274763,4.042057617004646,8.05252802332972,9.03992966615661,4.443276795580653,7.284667284839541,7.706828549249689,3.412253609717908,8.956067731306394
5.501186213271669,5.3503555171139805,3.3638359148830066,7.735068225376152,2.476395635011608,5.005146347475842,4.4995578619040355,5.035052067767154,2.2802290873980446
-1.1197445352514102,-2.1197374876662956,0.2541297428672262,1.2787456085125992,-0.0407747202387565,1.114217655324179,1.9878007021581823,-0.10758473334631091,4.641021601908113
0.41399763418334956,-0.06913239127741555,0.4558123870531894,3.6747772070095053,-0.9836144876713249,4.752681159207395,5.062305307559667,-0.8648702558531784,9.803164968121614
-0.2363601651883318,0.4140792666031512,-0.4050638449845767,-1.4000228673389348,0.4930166107858902,-2.3674263359476644,-1.5647260066673052,1.079924102176033,-0.7695036221800233
3.1828807509617807,2.3146029892962883,1.9096057662214339,1.730492434452069,1.3838234665185745,1.685863682441635,2.2787314200149567,2.64986357743342,2.1536087633671652
-0.32526576079634495,-0.8108152528422341,0.9412999896139418,-0.33046956711313413,0.12118765369262263,1.0957978532481594,0.0790201542501201,-0.03487358361411452,1.3652089168327386
-2.3658268444674224,-1.9178670030572054,-0.9412999896139418,-0.5976113403341365,0.28220135640095734,-1.1718145805879043,-0.03950227189428723,-0.6298131385461758,-3.6593658410734253
5.050805681284842,0.06913239127741555,2.942831293060877,2.499307994116995,1.953420694830621,2.922650886035516,4.026870043033881,1.4980248780747107,2.1566053207096925
2.9051500712383937,2.5248697095841877,0.9620083811022528,3.8858392045362677,0.2759710010906691,2.6240572652517447,2.47388928171528,-0.554786443771782,4.112477042711138
-2.9798047966168806,-1.6304709024943964,-1.4950845162570836,-4.701105419128515,-0.6319136351478516,-2.9940169916981674,-3.3123088272003276,-0.8029367627437445,-3.7003885474608644
-3.0135891802621106,-2.356311372814046,-1.6164936853355183,-3.092515767698645,0.2769536884020596,-1.6819682629961363,-3.0305349495328926,-1.3408810639709223,-2.077637059291826
7.753813069720472,2.5273978131770125,3.7319571896256676,6.1875403718087085,2.3815296927041096,4.675985254694304,4.625101765075579,2.560195943892607,6.436355831672413
4.9163178297428445,1.493071509780286,0.4746093389255801,1.6997576368571465,1.7212128881121558,1.888529314583387,1.9026875054693804,1.2388320856952184,-0.13131978249605325
-1.176584465853736,-0.8795726530287151,0.9894073645198453,-1.5411533212936313,-1.1441772419785057,-0.282785624997528,-1.4142401695218965,-1.8292140748604968,-0.7915608612660829
-5.373375295858374,-3.5977591760501415,-3.433813758089155,-7.262181627238684,-0.9248620837661203,-5.194557973891767,-5.35051603655492,-2.254410375918159,-7.2072348041123835
3.2585452210772914,1.8496426805683974,3.058050046805816,4.4985095916809215,1.4222803659301952,4.6621698486167595,6.097345497307494,3.8096516766666255,1.8336197788604736
0.3323133797130673,1.509980645575082,3.012974145202918,4.211148535012699,1.9652937901393663,3.2215671116341937,2.2803489017577228,2.103912011540565,2.416410289014559
-1.176794119662894,-0.37536300684490875,-0.9635311983672068,1.3343875265440452,0.6342121612328722,-1.143661746276825,-0.1455604332700755,2.0276579672839024,-0.4101167744214429
0.7393098275389143,0.8849615276982803,0.09216590514173895,-0.27782083003025093,-0.03719546258249551,-0.24428558649689514,-0.1457726205656762,1.3076355007707097,-2.216157180285272
-1.9837703323473121,3.757715591754218,2.321980032128357,0.6163347707668354,0.6304489637542154,1.8349138668196652,2.6984907754112886,0.6151873052313572,2.4214258120594856
-0.6640964907536961,3.778867803725028,0.08996851708977793,-0.3385139407365845,-0.18501392881615786,2.071029716838968,0.0,0.9637080688387645,-1.6540694132756606
1.1103265930936246,-1.4880755830711134,0.4038596469684741,-1.3968875285785387,-2.8551901928441037,-0.5053067851390924,-1.142461551498819,-0.4806931223593658,-1.1884096524181764
2.9135089909932077,0.41381564702729356,2.999783819520818,4.3431902407238265,1.6629256971534723,1.9067311226202754,1.4260491219157068,1.05449131766151,2.1566053207096925
-1.3935080050893944,-1.4720265800809873,-0.3482807177461744,-1.265077112817492,-0.7902204808412971,-1.3678278312017955,-1.6417213838037625,-1.2474174225175716,-0.8987271000236774
5.610541268964919,-0.9718249468921414,0.47857389578775944,5.6855245730911275,0.37707435327121175,2.0612431901017025,5.120332992345311,2.2594437703614023,5.538214585158485
-1.73975615877211,0.6165847864553875,-1.6630580227830372,-3.25989284824284,0.7499097760539364,-1.3583114254250184,-0.6172859107080875,1.3750216640258106,-1.8568172728868237
-5.124000699977405,-3.590044680743265,-4.513401402701556,-6.635476517141559,-1.8093218790471433,-3.2545245218409846,-4.323287910456575,-1.75333232959618,-5.220965860068993
-3.249383347644619,-0.9772613580761202,-3.285138212000316,-4.825284411920805,-0.3429227974738769,-0.37976914277870755,-1.6661015605916152,-1.2075138775756056,0.0
-0.47820580370583343,-2.087329846526753,0.5234368363256081,1.1217537620096252,-0.8432399524597844,-0.48543784647980814,-0.6595846558351326,-1.449067377905111,-1.7070115771603778
2.4584685333237655,-0.38108481941265815,1.3669786275896545,1.5948263166665644,1.7551003741032467,1.654639611440878,1.3511251733754115,0.12965966160090048,0.07171029349968272
3.1343867325986707,3.244266086845382,2.130696631293061,4.173859078507247,2.5393448088709025,3.262438316672789,4.572832831001916,2.1154635042901493,3.5906708463244286
-2.1498625357628143,-2.1053409197832273,-0.5975655566141658,-2.477003893859653,-0.3324102783838434,0.9878249571662945,-0.06932409289763797,-0.41315806427619783,1.509980645575082
3.517730803093677,2.7751357881959926,2.818368360565815,5.165830712737396,2.0506027940838223,4.076956850645486,3.6095167979892206,1.9552814654360873,3.6124329247170017
0.6000875273137751,-0.4013383313458352,1.9530136952518262,0.3611198627972545,-0.39949208750460485,1.3125188420396228,1.559679866101682,-0.5637346592386461,2.080699250596174
-2.1075231585420795,0.4013383313458352,0.17566978606335937,-0.030043563392601058,1.049783396455961,0.5881459455176152,1.4384033550919106,1.2794682265599544,0.9606221805439574
-2.1172279926055637,-1.7169248551422989,0.9172372671556683,1.1947573421118296,0.5028746229522874,2.0165669594594426,0.9046911462085916,-1.0912033450982683,1.956515549484017
4.293103853740554,2.0834086902842053,0.26052989117633096,2.4344947735785993,0.7140337370209693,0.03024346008233536,1.1194743490343662,1.2770770045607893,0.4987541511038973
2.1796926138200057,0.5637554310894632,1.8049480118982775,1.1524184007032812,-0.24933227520511636,2.6851255178791167,1.0756193547563964,-0.7143996838093081,2.8205425844725074
-0.8897901398260188,-1.3650952784675319,1.059107548777627,-1.6753713647344348,-0.4647014618158529,1.1706308689249934,0.97072940131957,-1.4126745680756336,-1.0942358420944043
4.597563937312188,2.581215443066398,1.46415499929482,1.9614127496973666,0.42903176284658784,3.7125908509057837,3.1592874395293347,-0.889177023862775,2.534836986445921
-3.574150928096831,-0.556921996383597,-2.9073039844532467,-2.9567371258549358,-1.4373226241371828,-2.4118065030757307,-1.67457102289168,-1.5105541922354249,-3.764864794611089
-8.569208557611052,-4.5019358816038135,-7.269482306139485,-8.789437925450816,-3.2741567261528104,-7.884679277580586,-8.119473729290316,-3.8288505307017218,-6.850678031319202
2.247689698268651,2.812314768716062,2.9893530278142677,1.4668630360477053,1.9626625183700064,2.5465404300864414,3.7900648624472844,0.8376661479013503,1.7083201253448532
-5.8016450662605745,-4.475554773630286,-4.285067592214586,-3.9385335756336293,-2.41243838905314,-3.9547940269997195,-5.842281544642036,-3.982149418667147,-3.987239124737707
-0.037693177981168446,0.4879758724541272,0.7886842087591273,1.2434715194869383,-1.019453797959402,1.9969462343048416,0.6099646156723093,0.24276065329433827,-0.4757059599459268
-2.8682654597023127,-2.250446591038191,-1.0218388958678215,-5.480823649499467,-1.0683047041961213,-2.660980294847448,-4.032943566710623,-1.3600907131068762,-3.677139909712279
5.2340272787471775,3.8372339380089215,1.4828816673460476,5.220322036862823,1.522678829359947,2.2895778252103316,2.569585821672149,2.3595820596682415,2.512344280684964
2.3470557949031523,2.900709275908575,2.677718415900321,0.9088021004444613,0.7152298511552857,0.6798542872973101,2.805659778252556,1.3285836711649956,2.1814089253744395
-5.774036593526377,-4.209718666489071,-3.880879621140254,-2.784782737577496,-2.969384511786277,-5.247727350617826,-3.6663984371591685,-1.8443145718794351,-1.2894647616675137
-6.107719134717504,-2.3860781126906705,-5.699411580294056,-7.05365397861244,-1.6754726636168282,-5.916512265198115,-6.832622948603939,-3.4365232956615976,-7.958743791834788
6.355079169511324,5.660586222151709,5.2795369256590785,8.012497495999638,3.9673988072275623,4.609731173267795,5.859717428792033,3.5054412859841566,7.066799628127862
-1.7058391596723066,-0.3698104735690322,-0.09354537632577653,-1.859900840204487,0.15094342488546353,-1.2907675483957437,-2.0102951718653728,-1.2129762305118863,-2.653787019966014
3.886376682529491,2.626044204277722,3.765366761344602,7.053375545511464,2.3477881062282435,4.970976278190653,6.882660662664675,-0.8755090068511162,2.997784607210363
0.11150344957537861,-0.36154517607882575,-1.2242274864687541,0.0,-0.6281195600334577,-0.34926214262163136,0.7289628038708251,0.491229057977316,1.024949184480617
3.288568171876971,2.020929274199945,1.6289952979268385,1.4883995699237484,0.4068805317393842,1.85919960600609,1.8319125312250772,3.91264732318346,0.4747380906709342
-4.202838930747976,-0.9401917206505406,-4.639178584693759,-3.7314252134901693,-1.0762768580192539,-4.07829693685402,-4.814207600676079,-2.074551529706925,-4.923004439375767
-2.1983072092440548,-0.7520061595533534,0.37541104624878585,0.605193756682576,-0.2615357365983506,0.4866189651172803,-0.7853890465006064,-1.4886894282168495,-1.720472544963103
-0.17259568960001914,2.175057340823461,-1.4626351805124393,-0.3499287808046869,-0.14975667343946064,-0.6819315272054816,-1.4850903228750933,-0.3494063652596857,-0.725692589678717
3.951595968627908,1.5296665375473584,3.2268406398828997,4.212134120820288,2.223137130381403,5.051097477010336,4.723147249133097,2.078356763694833,5.594378961677027
0.5886698382731481,-0.570886422032002,0.046008742472514186,0.27459971488554835,0.8392678344895987,0.030974136843564537,0.8921255269966011,2.036039114805499,0.06884681855416908
-1.1622674882926454,-1.894421720960926,3.5693872751089817,-0.27459971488554835,0.10895225337805847,1.4145377311077123,0.9820046180975428,0.5694203963797495,0.5490748180416283
2.528533389976584,1.9580147278734916,2.585028936002365,1.9065488977456635,1.762952656746597,2.8594875277055287,2.381831296785464,2.376349445218562,-0.06846970483169734
2.7482100723863923,0.2856691357090657,-0.3900329971582739,-0.45065421018906093,-0.3930682209304148,-0.7446050784078562,-0.41434322226918674,-0.5560112443504739,-0.6872879287762146
2.6918357085549793,0.9463793030950018,1.2084739215071583,3.054351588488613,0.9265925168935762,2.6841310541817265,2.8028917212048476,0.9141428333787172,1.3698844358161821
1.4459722889099247,0.1568627772626563,3.291436357911426,1.0170071675536185,1.4789001935997526,1.0134732757640208,0.09312432769839063,1.2274055899511804,-2.479465861321639
0.15188594599955252,-0.09408813615539025,0.08298755662998758,-0.8710856474248629,0.6966242034418535,0.7176720913639745,0.7726819466130408,0.2564926061524808,1.7968693542816716
-0.10123166040818532,-0.4717731662597924,0.990515733551911,1.4763620305599634,-0.13893715329804657,0.8544626182389159,-0.9279373729239815,-0.19230775157415003,-0.2743485945750912
5.052493715653306,1.034978660003194,3.033599660913966,4.275116695266412,1.174858019407532,3.483701869782152,3.8108558867770093,0.894288936720411,6.770999767406227
1.005996508012963,-2.240194643880411,-3.074675857835718,-2.2554206778096386,-1.3836263624559475,-1.3789518006761536,-3.0986683278551475,-1.6672396449471272,-4.194586073793083
1.0274333643056188,-0.6723252474358343,-0.12332992313495161,-0.33850525976242274,0.3477054963464621,0.6366803513994768,1.0741241831413006,0.22606177881678846,-0.6042314455962927
-1.712968133559567,-0.8711137518501832,-0.24711709445397467,-1.4802433669812487,-1.0818461821832326,0.19297042514656582,-0.18331810816607508,-1.3641003984230071,-2.9383733391905587
5.159719957147235,1.351806874209549,2.242703578744454,5.956128571050501,1.0818461821832326,3.011213541969937,4.016122580196546,1.6540023569746154,5.1362640110681035
0.12146979932676771,-0.5128216366919514,1.5206375445264708,0.6463798427503775,1.1389251670621547,0.3734333494118669,1.0520260674179216,0.6412333610128496,3.686159330415828
-0.015175658273314241,0.09635459232715249,-0.39793128514813425,0.8287709514493979,0.7521402979255853,-0.5339040979420506,0.40615083391797313,1.2071302869757439,-1.40667281110467
2.280668993961932,0.6718950248744804,0.5170025435108361,1.532394583221075,0.13614705983213682,0.7200991244704191,0.8073861621510581,-0.06317119603629351,2.165689737772203
1.238405919972152,-0.06379585543321298,-0.07936508353094673,0.7054242185540183,-0.30659196218350004,-0.5863556245291335,0.14349263475166296,-0.4750602758598177,0.5028294692535962
0.043946386117088565,0.7628771899621078,2.1987536745226244,-0.23458892551535548,-0.9598976686262528,0.7722046093910251,1.1122316282164313,1.793346787347616,1.6786219456413232
3.4121211204296564,0.5053706270766956,1.617908943230928,1.2448293526567955,1.0281104952821085,0.5818582932856309,1.8266631268267552,0.34241278591737867,3.0360558969288576
-0.7815315089992225,0.6594465725280774,-1.7344817172635807,-3.461278925900624,0.5440339837825103,-0.2640614156509624,-0.027851274375834123,0.03107037464795681,-1.5672412407631509
1.4305179854882333,-0.9434032233358369,0.42677077383306283,0.8766160532620138,-1.7445285934648336,-1.9221093616922147,-0.19517641773707517,-1.8182319083190457,-1.2840286473177365
4.267093808661571,0.47281411959456676,3.2752356308683783,4.473919983962915,1.166394012591443,2.9218545999139867,2.616868785931281,2.2831327921434497,2.130978658675131
-0.134843601877499,0.6269613013595521,0.7837323191360213,0.8562127351166904,0.8828580264202746,3.5488424561890053,2.8676760707282423,0.15448790342773577,2.850549299792604
3.9033863234744004,-0.2816462509574347,0.4080881196731223,0.8738040868059294,0.7409936228705227,1.105538898116798,0.4744342056710593,1.3188352478706644,0.7001195458983478
1.1354960712552042,-0.47118039112170607,-2.095100950021589,-3.0026224416805025,-0.8424649659251493,-2.3256862164267478,-3.1519703304822677,-1.566130582553793,-2.5317807984289953
0.5119028327121633,0.8153071189633376,-0.18921481520379757,0.05121639036409498,0.10147134305462657,0.28093493129204283,-0.05428881783715589,2.476054968065222,-1.4414664002184274
-4.210462253976477,1.5494577111041519,-2.2214624733774,-2.9883995920289674,0.5058179727353007,-0.5113792785675475,-0.43537483737394744,-1.2762251613851028,0.06047777626121409
0.49140148024298114,-5.142277774911985,-3.427556322096903,-0.47593955520239817,-2.313815371208605,-3.57507088013862,-1.7329549343097383,-1.9765930721800995,-1.5844329021150738
4.164836204654243,1.6056863923372244,3.6596647435172436,3.898622624524206,2.179180547774795,3.061063066363623,2.8987536873252395,1.8848078431571658,0.36787288574622323
1.6385544313838096,2.2989518224698635,0.5010609827860169,2.367868814972951,1.2717708224769364,1.254657349440036,2.344273577075029,1.849939034002901,1.1560822401076365
-0.3381131516136726,-0.4680926006810804,-0.3080479909987055,0.1243935973314958,0.5968187476412812,-0.5869609808236032,-1.5121657024085078,0.1501276366640436,-0.42437165840092383
-3.225058038283102,0.4058067064220072,-0.735439738259247,-2.2376797900787615,1.9316364218278093,0.4596535161438098,-0.8321078746665211,1.6071774510032277,-2.025230311180648
2.2924740896741014,0.43518875024570747,2.3422072819391015,2.7831807708552425,0.1943635208570882,1.6675474832224868,1.4450345103789175,1.1156897878553895,-0.12406949482342
1.8316909045947405,2.813641262866673,1.5066198354643845,1.0576903423915152,1.986608108597876,1.6648415337026545,2.7772285318557355,2.9346179539726513,1.6010194194160388
-7.269367992401943,0.39127213198395516,-1.0144742273208163,-3.7900322712773438,-0.2541297428672262,-0.7172035194412896,-1.6413029641329846,0.6499952233409267,-1.6010194194160388
-1.3594663910156513,1.8452904550613436,-0.07555723819976379,-1.7949199829981222,2.1086540540416365,0.6679060079672006,-1.029712068624411,1.620599871305295,-2.196511275915025
1.2390730917434922,0.6466806781068701,-1.3315775975772048,-0.46680582692273376,0.5280335300325678,-0.816937332123091,-0.9332156781669543,-0.24975731034837523,-0.2541297428672262
2.1583095329373414,-1.5055634938146323,-0.03830683823897729,2.261725809920856,-0.7462721201589417,-0.17415105782232487,-0.1072098735763305,-0.8370584588870411,-0.2547772078798971
-1.4381143688098064,-1.2872502248586493,-2.16894637242544,-3.3594890555717516,-2.3047586861844493,-3.2391495791235236,-3.270937553603215,-1.4108586168575243,-3.0432908651059964
-2.5846101523277376,-0.6650568648243205,-3.1016402787997777,-1.2695224721817056,-1.318135143461463,-2.658483381106169,-2.4685685487735753,-1.1144564553065006,-2.53009501213608
-2.1921330001571704,0.12124887814617402,-1.0964576852319219,-2.451961717431894,0.7736982502152934,0.29012284625342666,0.73571356185691,-0.05748778542917776,0.6720455401258096
-1.0509450052841984,-0.6077198892091129,0.24469832764530963,2.2387988336261877,-1.7166413448531426,1.3342251553794426,0.450071083221415,-0.28793570137959357,-1.077451500781068
6.9246396185840275,3.2681667413394067,6.160652847050807,5.878715104055265,2.8025670591881546,6.318950871874085,6.176313247063625,3.5965932254714783,5.595404786825142
1.0590410806954331,-0.4138344658648041,1.369363352797226,1.125433912080931,0.8225291549060376,0.9227845957073821,-0.21130488580691775,-0.47400060864823956,-1.0943141067785156
-0.03902439073915076,-1.191909223721055,-2.099714475493597,-1.604446551184946,-1.2044519616055904,-2.645268127006428,-3.443051228045091,-1.6627126747079668,-3.960913809504607
3.741259818349185,1.4285957247476944,3.0397477184370914,0.9307072590336141,1.1729410112897298,1.9661483692062554,0.7905179507113225,1.1583686524491377,3.2463930690401543
-4.184603874813764,-2.02992044709287,-3.4650334937922356,-5.005536078813488,-2.9747915615575327,-3.6430741624913665,-6.130364676273947,-4.158305184118616,-3.5836615169040797
-11.730941547457707,-3.936547634507992,-5.864092617114114,-10.072094853117619,-2.932181733767214,-8.641497830237954,-8.869240281099966,-7.0981880255746255,-9.564807472222103
-1.6296656960292921,-0.47162483269098665,-0.9079715700396562,0.26166608911717404,-1.244759553862318,-0.6903244313328116,-0.950878796902721,-0.630717953352633,-5.18804360034002
-5.700905979591031,2.0587127588133747,-6.863756858749515,-7.160953237812295,0.03384667488735005,-5.730511669358229,-7.43529801177063,-1.8841368479133536,-4.976950025789062
3.983479012675595,1.9869215469539014,5.528177740593954,5.698511262467321,2.076430931886275,5.758216337772026,5.927167390047705,3.919591494867003,4.976950025789062
0.6512707608976598,0.693714137760848,-0.7591769908212864,0.11778564377058487,0.4629637898741823,-0.16634325986979448,-0.2589836345581631,0.6180489389382426,-1.737800446665494
-2.0436886366959506,-1.5142627319662427,-0.5944815809320492,-2.442778597669193,-1.0947198395260038,-1.8200138382765019,-2.228869718042681,-1.5836381262901433,-2.582871587871205
3.3187377864752676,3.62586535330629,6.192650973753588,4.077374245143828,2.8606257676945024,6.4026239618847125,5.701108961589663,3.294125766843825,5.41102551594701
-13.359527474074628,-1.901423892113785,-3.960509446426963,-13.262188824168186,-4.474648700562245,-5.3905264836202615,-8.558926576841586,-4.744340337904873,-10.012422745846994
-0.18756932773538182,0.8957957782099069,-1.849569328512235,-3.1226307458399827,0.6756782462879585,-2.349053816861524,-0.37587606188012046,0.7277361653713843,1.276070059021439
3.669675393194982,-0.9257942785099171,2.967824924325768,6.086534398409693,1.238095119178384,4.068452802749611,3.6966574670062258,0.5658613024151826,0.0844951465563959
9.174404527688651,1.9314223924137952,6.998085114907093,7.181302461872674,2.625684151363039,6.1319846620308205,6.142000475763476,3.025856039718011,6.221318450157254
2.8412683680929085,2.671471296459549,-2.0563285186648184,-0.3290952857991858,1.9249872562247194,1.4122715148994658,1.355952978563213,0.7876441810438006,4.120287435727299
6.358971984025086,0.3146905758192542,3.8451488147213997,7.558382932765673,0.12702446928680722,0.9137119406219085,4.810486811660031,3.294555270981725,6.772270746504994
-2.467207610902289,-0.17152662867547797,-1.6736792355523722,-2.8464652500483467,-1.6640383969526606,-1.6301940230365908,-2.0036026760420267,-3.1136688785791122,-5.561052305460112
1.3381855671621423,1.1096998211731268,0.34462986435874754,0.5416976895435521,1.568785174954579,1.2251301780520585,0.9773511826979941,2.5867355750432086,-0.5281038301613528
-5.785913332825121,-2.000638319731607,-3.659419605222425,-5.643947649864378,-1.3431605828661652,-3.985003340669646,-2.961185404664457,-3.646548674225558,-5.600219011528473
-6.56345832530949,-3.555538326222729,-4.916692030361158,-5.662765643669232,-2.246553866288359,-4.177942208476715,-5.5552503746946424,-3.5319656380363718,-5.932546608481504
9.76858326254737,3.8438060380951544,6.957579193481855,7.923421106560635,4.412243604060562,7.347862075820943,7.925242807101096,5.401742667297915,9.237332013101529
-0.34158871814069514,0.7456300676454752,1.158761517238771,0.29368596733094776,0.8470638883508741,0.5102051883895342,0.7090133098933915,1.0402828247199292,1.3835731852649857
-5.887074302546136,-1.3229988770881107,-4.275999514284079,-4.713464380421106,-1.6378318868838448,-3.627340678683444,-4.055218497962487,-1.1897820303186535,-4.209506916705319
5.114206565380286,3.5829820688122016,2.298040905586518,4.154721565228714,3.3721584175208985,3.3215300428013794,4.407848895694411,4.046286361318074,4.59045975837209
-0.6775777383200676,0.5015335115732711,-0.31384882568610273,-1.2164517306526346,-0.24592696071330522,-0.4092077321429244,-1.0023668831272925,-0.3165925798770175,-1.147240116223669
1.8772493670832446,-2.704390166468107,2.022628267812543,3.720950718874949,-1.020890537024366,2.5304993960622024,2.458420563053876,1.174966949016154,3.1051339832050218
-1.4010236312078206,-0.4579286765831192,0.38432022707532987,3.836859913977886,-0.06220840013990703,0.722024797348686,2.6812787083858147,0.9075501882867432,3.0839448383079837
2.726667074608624,-0.7197382444621869,2.6123007314617475,1.2378097803170451,0.8057062488917133,2.0867333836774637,1.7576125491039818,1.2066934690941888,2.2167514791759935
0.13999722292137307,0.34612091087296015,0.5961269516499446,1.626933933057817,-0.5571045049455492,0.7262196041784463,0.9358725064470441,-0.0837170413063415,0.0
1.76112157603745,0.28752176219271064,2.964535485115949,1.8916242737211597,0.9575362736431892,1.840176193821863,2.0071191820420164,1.110505582270127,4.087857000611228
0.28824397144742164,-0.08616975974811147,1.0403681281174304,-2.107025541711982,0.24562493159678844,0.18925957861242182,-0.7276679460325841,-1.1384268444925905,-1.160818770599903
2.570835671020699,0.7158226700170633,1.803762431654743,0.7251273884003151,1.3705102591650142,1.5711426482388102,0.9422603030602605,1.1936297164437448,1.567323395416853
1.8922165625855136,0.08555540233832204,0.9419221916491693,0.48051347127509025,0.0,-0.2795901168933579,0.42780813910785476,-0.16570012076297935,-0.8146684567817974
-2.1195653733163233,-0.3426616716647679,1.0019085365210234,-0.668005156037399,0.4526942995777272,1.5281612502256348,-0.9382189181232903,0.4137366265961617,1.3541168317173113
-0.6716844167540259,0.598889569855654,0.30890705875292745,-1.785278684383984,0.7798479834579819,1.0514382578927783,-0.29669610436369176,0.38461585874784987,0.13440862238538465
0.7252247740764162,-1.1150937559754492,2.370581716997666,1.2476429807459777,0.3578888400966207,0.8377723628973488,2.454765736151643,0.9551170984342772,5.424394030514312
-3.4026145879443526,-0.48998512788838156,0.3674632496301289,-0.5134452571482484,0.5048266103555132,0.7189426608439131,-2.023498221357034,-0.4354933393373006,0.0
-0.6946401924412093,1.2632955833346227,0.532093041227677,0.16242559066332873,0.9434032233358369,0.9580111144605219,0.6434338552645968,2.5051815164527813,0.3809528416667707
-1.7296360320120385,-0.4288784272217683,0.03316199665608366,-1.3342607742409918,-0.08806693655936115,-0.24420036555516944,-1.2098547897403389,-0.18639334380625705,-1.5969678257132802
-2.586351058991898,-1.6467221738781124,-1.9080076727636897,-0.9640620046581283,-1.2411506843343023,-0.9379255894616634,-1.7738219215447604,-2.537248117530444,-2.6094109360331075
0.363240501100659,1.9899719388105641,-1.0531777319007674,0.9640620046581283,2.00183311181803,0.15693311145912325,1.23137415800878,1.8687070528447425,0.3299244167219495
2.6477396460363067,1.6707170431980334,2.5292192902128363,1.2260063658341203,-0.11665209838409574,2.761691033368674,1.5114997613312031,0.6951899655762706,2.150620522096336
-3.5949234122929496,-0.11239113293224356,-3.249016742445443,-3.443392115266297,-0.5559633925402707,-2.2477808418850387,-2.9357911625808697,-1.5574965752718661,-2.6790233367568472
-1.4155352843816082,1.0070015165063229,-1.2112970390761202,-1.8956572745234546,-0.14682134483003928,-1.3462173243842468,-1.5568843798615006,0.1892659751140613,-1.8717123952937786
-5.196567895429283,-1.4295968770739798,-4.59564392305114,-6.642547598170534,-1.569704968179364,-5.239956156275882,-4.527994107151434,-2.599681222990391,-7.2759354282428745
1.8596537779674627,1.0112445725885877,1.5913536544344797,3.685810472315598,1.1574546787939344,2.978294935693526,2.346913454084687,0.9656579384014208,1.7266616020931824
-4.780032718150817,-0.19583164742162928,-2.4333868191905417,-2.6533081325007313,-2.1775655351865986,-3.6230732889171335,-3.615554159727541,-2.4740664266526213,-3.7795196162060396
3.777015282157148,3.06104141985748,4.070434054047389,4.3742197872127075,2.765975588271763,3.9229927662447484,3.271319740630263,2.939756899817958,4.561051125205262
1.7220597751670397,0.2983053059539831,0.14109349783346659,-0.14469688532434688,0.7015521319788665,0.04606172352286109,0.4301081899390713,1.2763241826098337,1.4752638475037827
-3.348111862345071,-1.8309023537766755,0.4571838453844901,-0.9895307750691362,-1.2309651332053306,-0.2766891320195253,-0.5738896669018168,0.9667099988730055,-0.06975933313935201
4.515056983124044,1.9932400517657989,0.8733679968754515,3.1666434035968916,2.5044989882223145,1.079353686818152,2.6130427359999153,1.538083888044195,2.0035212481551934
-0.06028636203687654,-0.4334875387388859,-0.20891372500857486,-0.42595549282276046,0.5449604767564509,-0.022844089191309536,-1.2979866203838952,-0.9784555121039595,-0.9622067364062126
0.6012343378050566,1.3752407656602461,-1.4040244679797809,-1.1448321945992213,1.0527910583718825,-0.36621693481286854,-1.0851048789051632,1.2937474180655162,1.439860322821529
3.0403758622407295,0.8798883590373396,1.647714753937013,1.9384871541728632,-0.7386397218966945,0.36621693481286854,0.9998654931502315,0.3404481486543709,-2.272042656570772
2.100192267593304,1.1087758786562762,1.3126267914212786,-0.85058635877715,1.5561213709428756,1.158445663763219,2.3318938351371887,1.4792017468319152,2.747425555224847
0.2700975414150264,-0.6056634709335817,1.3633476336174954,0.0,0.36429912785012064,0.1128540916526255,0.4156857863191643,-0.8537110445209439,0.40568006956145375
2.772122070948946,-0.848811462281418,1.9776076038976242,2.6413449008255263,-0.33622895222720217,0.6520540247424211,1.4278111864288512,0.518270141676691,0.8064559836730378
0.20691089525506356,-1.2059639656863297,2.0693791495233427,0.49792633996075253,0.7549315876488549,1.7990490766925493,1.3539334905033673,-0.5442542914916082,1.2637348095593026
-0.8163310639161203,-1.3025964369354437,-0.6196008734700165,-1.1098893068048898,-0.8391657636248162,-0.1321586095439642,-1.2721784784554657,0.6734032181344496,0.0
-0.6411171785625669,-0.822824170590053,-0.2620374902579936,-0.531544124642469,-0.3940337211923328,0.3959530030094971,-0.9579928199464849,0.25779854442742334,0.1980852413961287
2.649161544697609,0.8501353820120183,1.948746307049909,3.581650053390595,0.8424649659251493,2.771339948948315,1.7448643334946112,1.7609233885469866,3.372563470803591
4.173660881279684,-0.21869882965037668,1.563778475683364,3.7188880419054104,0.05591277752601265,1.8616996332565083,2.0332428633075494,0.35353572176446413,3.7551345652132806
-2.7406229739518118,-1.32233331746896,-0.4125025681046335,-2.4549206967321435,0.5018131522846137,-0.5043086964788834,-2.4666129890193567,1.302297393487084,-2.8030486681473565
-1.3785865038588696,0.938455686752393,-1.991074124839054,-1.7523025532763192,-0.36216782865570174,-1.4855960825431946,-0.817666043724552,-0.1992528679148009,-1.4635959637429696
0.12240735972479655,0.9297305144284618,0.19442650324310584,1.1088686980117224,1.880066435068306,1.780085146863275,1.682536299577686,2.60841559998517,2.9060794263124468
-1.3823528137291596,-0.6553819198533706,-3.1905353824213556,-2.2026723294400252,-1.8242628621916168,-2.89813592479935,-1.9291455490970222,-2.1110258652738967,-1.568905729723502
1.6538339089329668,1.6574214484060157,-2.12809922666346,1.9603132502601817,-0.47532593338206475,0.7109800497760776,0.9284610662015691,0.7168489478612816,1.8797545967502494
-2.4841735813878607,-1.4384832109786583,-1.0295217906077792,-2.6777556212132847,-0.92919153692268,-1.4270512444883643,-1.2857515383590368,-0.6920442844573937,-1.9430257155962138
-1.2585818489451839,-0.8786437636014721,-0.10353754160483675,-0.11083403739187148,-0.4252309738530524,1.384105141187142,1.3944176723881263,-0.44742803949211485,1.1328000305207642
-2.147867222342903,-4.484044562977285,-2.517615489247449,-1.4240084269743658,-1.719240054037252,-2.478926674577009,-1.5321777162162764,-2.446219569045205,-3.049791641292776
-0.9244613000334745,-0.8981662580877181,-2.075208638842918,-1.9881370553829214,-0.5506462254289968,-0.618376528802278,-2.1458256813441157,-0.6145986055375641,-1.4295240186826597
3.843342364973168,-0.788901096624306,4.2122666717496315,4.322873455082021,3.5962779561411473,4.377730427978044,3.4333383305609644,2.76141675332231,3.59936026479053
-0.7710138425967905,3.5445289585947393,0.9658578017234909,0.8207980417829663,1.0319433369336828,0.7815014956747746,1.0559188402008868,0.5482196635896219,-0.5063301956546695
0.7011668047637976,0.39559249103024996,-1.2435393407886686,-1.7869891329566734,0.3877047227011765,-0.23170099886584694,0.9915664787376599,0.5946499187726495,1.6362857210480364
-0.4762580790886872,-0.7075167479100308,-0.27845475701830935,1.6506564601702411,-0.6099270363729481,-1.2093071952828272,0.31948908965189204,0.07408322353890107,-0.12492194004321
1.18641910867181,0.2836076773333751,0.9021574025730672,0.9504484311563921,-2.2213763117528096,0.9136364413411702,0.8206531827923413,-0.7433136305416532,2.46926125903717
-3.157415207840586,-2.4657212480627244,-2.0590502355077422,-0.48767368392925725,-2.068444902622346,-1.6420029861837104,-1.8896104486702647,-1.8828220314713207,-1.3505423199807076
5.515950421233118,3.6761512271614283,3.9410561681847422,4.902292981427392,3.8718186550673384,4.662751361940876,4.978759395251187,3.584256245428641,5.2374292099179875
-0.24423349996602894,-0.9558689591553371,0.30462030663440665,0.8753917899359198,0.3067059423657703,0.2868854426648859,-0.07671653617533636,2.1048315460328038,0.3512884174576403
2.521931108091824,0.7878487572079873,-0.6781985981292316,0.8423789442348006,1.5469921772131467,1.925279855197104,2.1261241270266407,0.9767796541544804,0.23350857078465737
1.8375631892555866,1.529719719517697,-0.30669644078042957,1.0619568827460402,0.7646132281355911,2.1446413722442603,1.34330378126446,1.5759469993160025,1.848695053401661
1.5230031088110607,1.2344142481278464,1.4569120986984707,-0.65607098812972,1.1091686821674607,-0.9475001796703353,0.0,0.9291588334099821,0.7981798362149295
0.6511353998114089,0.02725909789265124,0.6704684854601073,-0.30425986960964657,0.8305473061060553,0.593238836919685,0.34533828104321707,0.3231766432370886,-0.056802046400816764
-0.16557349512718034,0.08173273850990981,-0.502429460874465,-0.07620983475673526,0.34625151120235564,0.43281594223403275,1.1020069892580864,0.046082950124270994,0.9049835519917782
-0.613734185753323,1.2449416541008063,-0.3026738480194524,-2.887542715509106,1.7134991529861754,-1.44342595046969,-0.5372418294322667,-0.046082950124270994,-0.11267606825908771
-0.23112491028260962,0.8569950683067429,-0.033687047648855994,0.7297400118496444,-0.1046025199979983,1.6591334564060478,0.1468069752291079,0.8948092284457587,-0.5652926302787797
1.5308373957645394,1.245544126734588,2.0344206739966175,2.7658613291221545,1.041133818824136,3.029073100147217,2.2244630951731903,1.721056973450441,3.3447934067539986
0.7692830674009166,0.4204999625761374,-0.29757006583222,0.6545844118184707,-0.36316512028626846,-0.05702880108935382,0.35803833450116507,0.42567556155352904,1.0905233482262577
-1.0735815144594874,0.10484928876661748,-0.0993871209853836,-1.976749616924467,2.1085893077709805,0.05702880108935382,-0.837425638001088,0.4461305637311952,-1.420012937911519
0.7085946389485898,2.407260023418134,0.3309069862657221,0.2811503449415387,1.188834034438413,0.7195637939975352,0.3358122608894565,2.3753041085308624,0.16488049901837165
-2.5670268501851723,1.194878840601321,-1.8000486023620699,-2.2455453803837067,-0.2769736127949507,-0.776592595086889,-1.9098852015603462,0.8656189085707311,-0.9933856524290796
0.9014871096215238,1.9024353487943735,2.096931551742287,1.1161699266292402,2.613063942323768,3.402197289658071,1.9098852015603462,3.2226659918455525,2.411075699592269
-4.510465631225635,0.9869312775044214,-3.383340625332387,-2.562231670155013,0.7342176889080232,-2.1737966970922784,-3.3604330689691597,-0.6908851934165572,-2.134143924711829
3.4536185732137348,0.6119221150432619,2.3237280621828393,2.9743909347100583,-0.2930405027417038,1.9161594548402494,2.0831533834117177,-0.1261299305326702,2.620237239402412
2.923923584261523,-0.21986084342029422,3.8208729386754126,2.3375048011649913,0.8280612342257854,2.3131893803339576,2.1593929272116785,0.2730807284686332,1.5504186535965747
1.0016360191397844,-2.6265137182997833,1.2102058531305637,1.8659578582305603,-0.16992357529597157,2.190453530398173,2.484891098168429,1.0641727969991077,2.09981468397733
2.278564000724703,1.2227226569560212,1.9125837736369,1.6864630424749727,1.8773114507924848,1.3646117985256723,2.2436838635825573,1.8915037613749686,3.5718082602079093
-0.5005198754116869,-3.7654480019537306,-1.596527884753307,-1.6864630424749727,-0.5738896669017723,-1.3117809440785777,-1.046891673321193,0.040724903841216076,-1.1088823301348416
-1.4919208972098197,-3.0063694035413757,-0.09471192499632686,-0.6677408265718832,-4.037245529038769,-1.2044070492845727,-0.41265533110173,-2.0776228127524554,0.5559781822202847
1.001182579522819,0.7666924535548958,0.22085511422380577,-0.2982109565848656,1.5607897665991022,1.2748047994639577,0.5955125249101023,0.807374223207491,0.653104557099704
-1.7368008833374304,0.07897854826746098,-1.109185829021797,-0.32406858724201015,0.049152126819018704,-0.8658062743114314,-1.1252845804862854,0.08244023550179058,-2.1255860996348908
-2.201505915413282,-3.9178608776524904,-2.8116248576308234,-3.222402369986277,-3.1701144559013628,-2.3522046860697365,-2.3365548956212123,-2.630082720061244,-2.2240378808119576
0.1661660764519013,2.939405365548531,0.22917017723380617,-1.1410912197006962,0.606828663670278,2.440896487892541,0.8005693805356984,0.6955450108584671,1.6597891409037668
2.0978906635441774,-1.959005355886445,1.9430663128714443,0.9862524790877458,0.903393847824363,2.400045128916073,1.535985515085514,1.273104954659754,1.9358729869548785
2.4094573895310667,4.6076458297835465,2.376914309706013,3.3272910596106264,3.4376083084828313,3.3197362877815273,2.621232695146958,3.384624805881087,2.63893829867623
2.1856814050289053,1.922396763849754,-1.5465039165684757,1.1178851974727788,0.8891083441399772,-0.25148810303932123,2.1367383149945685,1.3738394280055743,1.8501014559084261
-0.8637289781201041,-0.10160021194023372,0.9181638034098327,0.0247005064859529,-0.6480281888048278,-0.08397011157592615,-1.0626622027790855,1.1208454771149068,-0.43509858343262486
0.46877903022961576,0.48168428790584805,1.5014357748003082,1.2760909359898154,0.5283393654202495,1.996074256253788,2.397036152515142,0.4292689518664794,0.8202699792180912
-0.9639790276268378,-1.0167855774540602,-0.7479000271357172,0.8981732913429408,-0.4320698032318493,-1.0596125631495035,-1.1583563025307164,-0.8800291467461197,-1.8918827669023308
-1.6603970759763165,-4.173793080956756,-0.47029401621094813,-1.509646396287323,-3.1275454061290286,-3.3683475451438127,-1.1274575050743252,-2.9906535056585692,-1.9783038849445322
0.6503489392531314,0.3191492070643509,0.7825990795422566,1.0008627427289252,-0.19875782940732556,0.7375044147481802,0.33292673077403023,0.7661327796432804,0.19960086467150084
-0.23265791429052385,-0.960519657923653,-2.11131207908557,-1.8137752129133933,-1.7561916485883344,-1.4458083175229675,-2.4448901984430726,-1.1514115691181548,-3.1394983501496387
1.5932231198683589,-0.8616100690790773,1.1714555367217105,1.5705844315788031,0.6559054796300146,1.6677082122790843,1.8448217237582831,1.9714981734773485,1.8349138668196652
1.2827605012377674,0.6200316399552541,1.5305624415637986,2.6193976264639485,2.360651302266792,2.6250876376871624,2.9649695790113118,1.9919798776775632,2.0000666706669445
0.10714924532493342,0.8563070788398353,0.49474436104675057,1.085172243736432,0.6364770568486389,1.2379459902034817,1.6099950637666005,0.6423379749759928,1.0832208329360604
-0.5847620935396591,-0.3202564786874973,-0.5567598669102836,-1.085172243736432,-1.8471156849056758,-0.16417669095663,-0.5980368101485833,-1.64322946270814,-1.8784536519855788
0.22715055495945435,-0.6974277196286405,-0.18627760741902755,0.9207950786276342,-1.049484894947117,0.19697970912844198,-0.8822004499446923,1.020417017424169,0.049887753591404405
0.6546473418393539,2.57753076222329,0.8355301585861952,0.0,1.891074020613015,-0.31206397994782975,1.1389400004692796,0.019521717973169928,1.288422183971516
3.0954991551254807,0.8099325790751344,2.4053526837148453,2.3459443045376727,2.2423557126420857,2.035403654770729,1.8838529386531633,2.5439799371849148,2.911413784824912
-0.39184099922566773,1.9838342219664185,0.7791468843773242,1.5490059149319446,1.26932610720778,2.0263956247696946,2.2188572302937803,0.3609083602180707,-0.23940638679160742
-0.6022719154914924,-0.35778213478838694,0.4764749931639223,-1.296798971660973,1.1593646953844239,0.39410471124803337,0.42975611011555337,0.7179324243037577,-1.1571970983812463
0.5445185208744263,-0.2820153131775527,0.7104825623744482,1.161083049450129,0.3756754829209896,-0.4257002881301375,0.8337618202807207,0.07527286768662655,1.1571970983812463
1.2743413368444756,1.0471299867295336,1.173033978548954,1.661093187827145,1.5349138551909114,2.589040432939438,1.2677501513779,2.1586249405395996,1.2860382055339237
0.6481346243350394,-1.794459840386775,-0.4089985251524819,-0.4015173808258776,-0.3931095361883852,-0.15408323541556967,0.6775633733759001,1.6975857147421891,1.689387902645345
-2.0496509595328227,-1.6430151840016727,1.5396092061289224,-0.8980751873818082,-0.34814935942892866,1.1498785187590954,0.09925559127514916,0.01809790974078851,-0.0465441013755008
-0.03471217853778796,1.072326216192332,0.3740473358384566,-0.1579957444115987,0.1626205492542887,-0.7190423391733702,-0.11911853701529473,-0.07241129932618051,-0.4198746546349774
-1.492390995734194,-2.4491020008295727,-1.796629027148322,-0.6344911383421081,-1.8981237709489118,-1.0030174359936694,-1.1387596836707203,-2.5865883000680157,-1.2229691466348669
1.792830325028838,0.8494874551141951,2.1978906718775004,2.11433877214402,0.6602240440684692,1.8134813875072986,2.9498328065462154,2.0236157789452314,2.1999483062153935
1.8519047767236785,-0.05288207420961477,1.7579131450354168,2.418763474708152,0.6792390560165007,0.9247394026688838,1.4332997645502665,0.8523036452035448,0.875783426640897
-1.5523653822517858,-1.4384904411674615,-1.0169579169629017,-0.632016923451495,-1.1031680941080424,0.10557274187714683,-0.6366376282334052,-0.21691982475458005,0.45787625782431896
-0.034516481962665324,2.5170225320959805,0.2835272667699229,-0.2188663600760421,0.0707797599444504,0.0,0.5019315557134085,2.6430109885434483,0.637524927948041
-1.029446370795828,-0.4195076944123244,1.2100893404257462,0.6333973343827459,-0.7813464635482603,-1.9022105934610956,-0.2120482722263617,0.4922654103821422,-0.45495983844552335
-1.9725894976837743,-0.21041564838637505,-1.7494802862280778,-4.5887783159579865,-1.4123514241103141,-2.473102168564978,-3.9560408048771922,-2.4140327386781735,-3.81087005695675
-1.132920113389968,2.906276160718013,-0.8863531937692848,0.38675966763568326,-1.751017500680252,-1.0766411788145192,0.44070584149218384,0.5375393699535991,-0.23713551543997902
0.7884403524148986,-0.5642487399081464,0.8009196131776974,1.4875189765044095,0.4162082149787416,2.0014851405634637,0.87562748520571,0.6945090688504685,1.0861972199558423
2.3403196656457403,3.537508825812319,2.7260364443627783,3.1273193781335085,2.19895292523562,1.6710894828153577,1.7675244127005385,3.2474920797858964,1.6305975072893109
0.44073372200506,0.6680712711060188,-0.33324107483920784,0.1516629041655726,-0.5752652489449783,0.0460228588318401,0.038925652496191177,1.0254747188220392,-0.742118433761707
1.4248201513935577,-0.2469137056920978,1.1065119812472712,1.9084957949561776,1.786825383084567,2.4842234794586027,1.2953298562281113,1.0655491937638928,1.0189990905749902
0.42124500157019185,-1.1437220645774016,0.19238703199335738,1.4968130197991147,0.7293291945140723,0.8194935230932288,1.789501398570259,0.016822272728767018,3.0408514955624355
-1.8807893850389945,2.2256111517823918,-2.193009468171736,-1.879873713783331,-0.18770535778709352,-2.311721076883533,-3.1626977177554583,-1.713503625429258,-2.581080570699479
0.7841368591596343,-0.9336677161951634,1.8905205808499748,0.9971441483426435,-0.18805835349620104,-0.2584963045117128,0.5825259191080345,-0.4458933815443267,2.7150989065950704
2.271276376940534,1.2267082189368672,-0.6631690510796595,-1.274714519786535,0.586511945239776,-2.1545924274860795,0.15476884497758192,-0.8111184344180344,-1.3030963991639055
1.2275569837964184,1.0913167603665563,-0.4167251481448808,1.211363234804308,0.46674530474954956,0.5739564348554715,1.5536900241970297,0.5184940755097678,0.27100287588650573
-1.914844912572633,0.5532184885072233,-2.0248160829947626,-2.806224625668774,-0.46674530474954956,-3.7990225347730444,-3.1711860700916805,-4.045574544524833,-4.097235915477659
4.790145475929375,1.4525794159526484,2.330584215595044,3.1857317225239434,2.0375791752749173,2.428498045704419,3.5700848799698814,2.095991472983183,2.689081827494899
0.4730682943513642,1.8967902706811035,-0.7801655619985137,-0.7604599385219402,0.36604936777888675,-0.5188283000587823,-0.4560144706407865,0.8750493357714717,-0.045756120679341095
0.32126821378577475,0.6474011051216255,2.048798130833962,0.44430412664899777,0.9319308270345328,1.0193768189542318,0.739971121448546,1.4874020325539306,0.6841531816716984
